140.44 294.15 -1496.9
141.3 292.91 -1496
137.26 298.44 -1500.9
140.57 294.72 -1497.8
140.02 294.56 -1497.5
143.2 290.47 -1493.5
142.17 292.16 -1495.1
136.76 299.06 -1501.6
140.53 294.87 -1497.2
143.09 290.4 -1493.6
139.21 295.64 -1498.3
140.69 293.9 -1496.9
143.32 290.68 -1493.4
143.04 290.9 -1493.6
143.29 290.53 -1493
141.22 292.97 -1495.9
143.25 290.95 -1493.7
139.71 295.66 -1498.3
144.23 288.17 -1491.7
144.2 289.13 -1492
146.31 287.39 -1490.3
140.17 294.33 -1496.8
138.98 296 -1498.8
145.08 287.93 -1490.5
