263.06 -20.385 -1515.9
264.59 -18.945 -1511.8
268.6 -15.834 -1505.7
273.19 -12.821 -1497.7
273.42 -12.689 -1497.8
267.02 -17.108 -1508.2
263.73 -19.948 -1514.3
263.8 -20.019 -1515.3
265.51 -18.391 -1511.7
267.63 -16.353 -1506.9
272.02 -13.578 -1500.9
272.04 -13.595 -1501.1
267.22 -16.856 -1508
264.39 -18.929 -1513
263.5 -19.814 -1514.4
270.07 -14.729 -1502.3
272.57 -12.842 -1499
274.41 -11.475 -1496.4
269.38 -15.38 -1504.7
269.34 -15.246 -1505.1
272.99 -12.844 -1498.7
273.75 -12.148 -1497.2
270.49 -14.681 -1503.6
270.06 -14.974 -1504.1
267.69 -16.639 -1507.1
